14;14;14;14;25.02.26;Hussein Buschnack;209804;01.04.26;DVORACEK;anthrazit;schwarz;7016HWF;0;0;0;0;0;7016HWF;0;0;0;0;7016HWF;7016HWF;7016HWF;0;LKW;0;0;4279,68;3274,68;1005;0;0;,32;
201;2;2;28;1;1;10;1;ROINT;Terrassentür;870;2220;1;0;ja;545,78;39;2;27;0;3;1;0;0;0;0;0;0;0;0;206;ja;0;0;0;9;2;1;251,25;nein;1;0;0;0;0;0;14;
202;2;2;28;1;1;10;1;ROINT;Terrassentür;870;2220;0;1;ja;545,78;39;2;27;0;3;3;0;0;0;0;0;0;0;0;207;ja;0;0;0;9;2;1;251,25;nein;1;0;0;0;0;0;14;
203;2;2;28;1;1;10;1;ROINT;Terrassentür;870;2220;0;1;ja;545,78;39;2;27;0;3;1;0;0;0;0;0;0;0;0;208;ja;0;0;0;0;0;0;0;0;0;0;0;0;0;0;14;
14;14;14;14;25.02.26;Hussein Buschnack;209804;01.04.26;DVORACEK;anthrazit;schwarz;7016HWF;0;0;0;0;0;7016HWF;0;0;0;0;7016HWF;7016HWF;7016HWF;Alle Positionen mit Absturzsicherung, bitte die Glasdaten für Kontrolle schicken!;LKW;ja;0;4782,18;3274,68;1507,5;0;0;,32;
301;2;3;28;1;1;9;1;ROINT;Einzelfenster;1050;1950;1;0;ja;0;39;2;27;0;3;3;0;0;0;0;0;0;0;0;301;ja;0;0;0;9;1;1;0;nein;0;1;0;0;0;0;2;
302;2;3;28;1;1;9;1;ROINT;Einzelfenster;870;1950;1;0;ja;0;39;2;27;0;3;1;0;0;0;0;0;0;0;0;304;ja;0;0;0;9;1;1;0;nein;1;0;0;0;0;0;2;
303;2;3;28;1;1;9;1;ROINT;Terrassentür;870;2200;1;0;ja;545,78;39;2;27;0;3;1;0;0;0;0;0;0;0;0;305;ja;0;0;0;9;1;1;251,25;nein;1;0;0;0;0;0;14;
304;2;3;28;1;1;9;1;ROINT;Terrassentür;870;2200;0;1;ja;545,78;39;2;27;0;3;3;0;0;0;0;0;0;0;0;306;ja;0;0;0;9;1;1;251,25;nein;1;0;0;0;0;0;14;
305;2;3;28;1;1;9;1;ROINT;Terrassentür;870;2200;1;0;ja;545,78;39;2;27;0;3;3;0;0;0;0;0;0;0;0;307;ja;0;0;0;9;1;1;251,25;nein;1;0;0;0;0;0;14;
